2020-06-18: 520 305 42 54 35 239 366 151 445 67 52 256 232 1612 84 1294 92 102 113 129 123 200 82 83 81 106 103 129 78 70
2020-06-19: 520 289 40 50 34 243 374 142 444 67 53 250 187 1560 79 1229 91 99 116 130 117 194 69 73 80 105 98 119 72 64
2020-06-20: 545 309 43 59 36 252 388 155 471 72 53 266 197 1633 85 1287 98 107 121 138 129 206 65 85 83 110 100 120 77 66
2020-06-21: 510 285 37 57 35 232 350 144 441 64 53 253 176 1512 84 1175 88 101 111 130 116 189 61 80 79 105 95 117 68 59
2020-06-22: 479 264 36 49 31 220 328 135 409 64 51 230 167 1382 82 1091 83 91 101 121 105 182 59 69 77 90 94 116 36 57
2020-06-23: 525 288 47 52 41 250 373 146 456 72 54 265 209 1600 81 1283 90 102 114 143 123 212 74 74 83 106 94 117 81 67
2020-06-24: 540 288 43 55 40 267 399 148 476 69 55 272 217 1684 84 1375 92 101 121 150 122 220 78 82 84 107 97 119 81 73
2020-06-25: 530 291 42 60 38 269 415 149 458 69 55 263 221 1691 88 1370 94 100 121 143 127 216 73 85 79 104 94 119 91 68
2020-06-26: 506 281 42 56 41 279 419 151 452 65 50 254 228 1715 80 1411 80 96 127 136 133 223 83 85 76 92 94 121 90 69
2020-06-27: 571 334 44 66 43 314 472 172 511 71 57 284 251 1897 83 1576 95 113 140 145 146 251 92 91 78 105 98 118 103 81
2020-06-28: 516 301 43 58 39 267 405 157 462 62 54 255 223 1690 79 1390 83 102 129 131 126 229 83 85 73 98 93 115 82 74
2020-06-29: 474 269 42 53 36 243 363 142 425 59 49 231 197 1556 76 1252 78 92 117 120 115 212 74 72 69 86 89 113 78 65
2020-06-30: 499 276 45 57 40 265 410 151 441 65 50 248 220 1695 66 1390 84 97 123 128 128 219 82 77 73 87 92 116 93 67
2020-07-01: 501 279 47 59 43 290 421 155 459 64 51 258 221 1743 64 1468 81 100 121 139 131 232 75 75 72 92 93 119 86 72
2020-07-02: 491 273 40 57 39 264 398 151 451 61 54 252 214 1682 66 1370 73 89 122 132 134 226 77 75 76 86 84 118 83 70
2020-07-03: 548 291 46 53 40 303 424 164 488 70 54 275 240 1778 68 1461 85 98 117 148 141 237 87 91 68 107 85 122 79 71
2020-07-04: 529 305 43 58 43 299 459 165 475 71 55 289 228 1801 73 1499 84 95 119 134 133 233 80 86 70 104 84 118 90 73
2020-07-05: 492 274 41 53 40 257 385 155 440 63 54 265 199 1621 70 1332 78 92 108 122 124 215 74 79 67 96 84 116 72 69
2020-07-06: 464 242 40 49 37 243 352 137 407 58 52 240 191 1513 66 1233 70 84 103 116 114 203 71 71 63 83 83 115 71 65
2020-07-07: 449 244 42 51 37 262 376 129 388 60 52 230 200 1508 78 1225 65 81 104 117 113 188 76 65 68 79 86 121 82 65
2020-07-08: 546 282 47 55 41 289 436 151 482 76 63 276 239 1726 87 1491 90 99 116 133 141 240 87 76 78 97 88 121 80 70
2020-07-09: 529 289 50 55 45 282 428 151 478 72 59 283 247 1736 77 1489 80 109 121 134 143 243 95 78 73 99 90 118 83 79
2020-07-10: 570 305 53 57 42 310 463 165 529 81 58 315 257 1885 38 1545 93 110 121 164 145 218 101 90 76 110 94 123 96 81
2020-07-11: 588 318 52 59 44 313 472 166 527 86 59 311 269 1912 83 1602 93 115 127 152 156 268 102 82 76 111 92 126 93 85
2020-07-12: 516 279 48 52 41 278 405 144 461 74 58 267 233 1676 83 1396 78 103 117 134 136 246 88 72 65 95 88 121 83 79
2020-07-13: 461 252 45 50 40 261 366 128 413 69 56 244 212 1537 81 1266 66 93 111 121 124 228 78 67 60 87 87 117 76 74
2020-07-14: 482 246 43 51 44 265 370 137 429 70 54 249 210 1575 87 1288 75 94 111 125 121 225 79 74 65 85 87 122 75 73
2020-07-15: 535 273 48 56 49 306 435 142 481 72 57 261 235 1783 89 1453 82 97 116 143 129 253 90 80 68 99 90 126 93 76
2020-07-16: 510 279 47 53 46 305 442 143 459 71 57 250 222 1745 89 1419 76 92 115 131 124 243 86 72 70 92 88 125 82 77
2020-07-17: 496 267 49 51 47 298 426 146 463 75 54 268 213 1717 91 1374 77 95 110 124 124 237 88 78 72 83 82 116 88 67
2020-07-18: 563 302 55 63 48 314 464 164 503 73 56 296 245 1856 99 1503 89 104 119 146 140 258 94 89 78 104 83 121 96 73
2020-07-19: 515 272 38 56 40 335 339 143 415 67 48 234 155 1476 82 1145 79 97 101 123 119 208 68 79 70 104 97 116 58 64
2020-07-20: 516 254 37 56 39 348 345 134 396 67 47 230 155 1452 81 1112 79 97 101 122 113 187 65 78 68 97 97 116 57 61
2020-07-21: 521 245 37 56 39 352 353 131 403 66 47 227 156 1462 80 1108 78 97 101 121 105 189 62 78 67 95 97 114 57 60
2020-07-22: 517 234 36 56 39 354 341 131 404 66 47 226 156 1494 81 1079 78 97 99 120 98 188 60 78 65 96 97 114 57 57
2020-07-23: 516 224 36 56 39 354 342 132 403 66 46 226 156 1499 81 1071 77 97 99 119 92 186 59 78 64 98 97 113 57 56
2020-07-24: 516 218 36 56 39 354 343 132 403 66 46 226 156 1494 81 1069 77 97 99 119 89 185 58 78 62 98 97 113 57 54
2020-07-25: 516 213 35 56 39 354 341 132 403 65 46 226 156 1489 81 1066 77 97 99 119 88 185 58 78 60 97 97 112 57 53
2020-07-26: 515 210 35 56 39 354 342 132 403 65 46 226 156 1489 81 1065 77 97 99 119 88 185 57 78 57 97 97 112 57 52
2020-07-27: 515 208 35 56 39 354 342 132 403 65 46 226 156 1490 81 1064 77 97 99 119 89 184 57 78 54 97 97 112 57 51
2020-07-28: 515 207 35 56 39 354 342 132 403 65 46 226 156 1490 81 1064 77 97 99 119 89 184 57 78 49 97 97 112 57 50
2020-07-29: 492 283 44 60 38 377 542 143 471 50 31 184 108 1973 84 1278 62 98 145 143 129 256 31 66 55 108 14 26 118 26
2020-07-30: 482 285 41 58 36 365 520 138 465 46 29 180 101 1919 76 1243 61 97 143 135 119 244 29 65 52 109 12 27 116 24
2020-07-31: 401 238 53 53 39 269 370 126 374 55 50 234 189 1558 79 1171 60 84 114 105 120 217 73 63 40 83 59 107 99 60
2020-08-01: 250 165 41 38 26 273 378 58 235 6 4 56 94 1215 57 878 25 45 88 86 71 155 31 28 30 47 6 23 103 21
2020-08-02: 393 247 57 54 39 262 374 119 380 56 46 225 194 1536 65 1170 50 81 115 111 117 212 73 59 45 86 59 100 97 67
2020-08-03: 382 235 56 51 38 259 365 113 363 54 46 215 182 1487 64 1120 47 79 112 106 114 209 72 55 44 84 58 98 94 65
2020-08-04: 341 221 53 52 40 257 342 107 332 44 39 208 169 1427 63 1050 41 72 110 104 114 192 71 49 34 73 55 96 97 60
2020-08-05: 333 239 63 56 44 318 415 110 334 13 10 101 202 1652 69 1249 36 74 117 116 113 210 80 41 31 61 63 104 123 68
2020-08-06: 402 257 72 71 42 314 423 136 394 49 46 258 204 1721 72 1281 48 88 121 134 132 227 86 61 44 84 61 102 123 66
2020-08-07: 408 267 76 73 42 324 438 139 394 45 45 264 206 1746 69 1315 48 84 119 131 129 239 83 62 39 86 59 104 114 64
2020-08-08: 436 278 77 79 41 353 485 145 418 47 46 251 196 1898 69 1378 49 85 126 136 125 241 74 69 49 87 60 119 115 65
2020-08-09: 407 262 73 75 40 336 453 136 393 40 42 230 178 1796 68 1293 43 77 116 125 117 233 68 66 45 85 57 117 110 64
2020-08-10: 365 240 69 71 40 310 419 121 357 38 40 214 166 1630 68 1201 39 72 111 112 113 222 65 58 38 77 48 95 104 62
2020-08-11: 345 232 73 68 39 293 390 112 334 38 41 210 166 1540 62 1154 35 66 106 105 108 222 64 58 34 75 48 93 102 62
2020-08-12: 430 272 81 74 52 303 421 134 392 65 55 295 239 1721 57 1360 50 81 108 123 130 228 93 73 46 83 61 107 121 77
2020-08-13: 433 273 81 75 51 325 470 131 399 62 52 275 206 1794 58 1383 54 76 121 128 130 233 82 75 40 84 52 100 118 72
2020-08-14: 389 260 80 73 49 325 464 120 359 47 46 234 184 1719 61 1302 45 71 116 118 121 227 70 69 38 78 51 98 116 68
2020-08-15: 413 272 85 76 48 340 487 121 386 52 49 255 205 1819 67 1387 43 77 114 127 137 231 81 76 42 88 64 115 120 64
2020-08-16: 393 262 83 73 44 332 468 116 361 49 46 240 191 1746 65 1329 41 73 113 122 126 226 76 69 40 87 59 114 116 64
2020-08-17: 347 236 79 70 43 323 450 103 323 39 41 219 177 1623 65 1242 39 65 105 112 113 212 68 60 36 80 46 96 113 64
2020-08-18: 354 232 77 74 41 330 449 103 319 43 41 220 178 1627 66 1245 34 67 106 112 116 223 68 62 35 75 50 93 110 60
2020-08-19: 405 256 85 73 48 353 476 134 389 52 50 272 213 1828 72 1397 48 77 113 135 141 243 81 64 38 91 53 98 130 66
2020-08-20: 383 245 82 74 47 343 470 115 356 48 46 249 206 1712 72 1339 41 72 110 120 135 233 78 63 34 81 52 93 118 62
2020-08-21: 364 241 82 68 44 342 485 105 358 41 47 237 199 1710 66 1333 37 71 108 114 132 207 74 64 33 76 55 95 115 59
2020-08-22: 423 258 89 70 44 341 484 124 403 57 45 273 226 1851 72 1410 44 77 108 135 144 218 87 70 39 85 68 122 116 64
2020-08-23: 401 247 86 69 43 329 458 119 381 51 42 258 205 1764 72 1326 39 72 106 129 139 215 80 60 34 80 66 120 114 60
2020-08-24: 336 220 81 65 38 315 440 100 336 36 38 216 178 1601 72 1223 34 62 99 115 117 203 65 57 31 69 46 86 109 55
2020-08-25: 324 215 80 66 38 315 438 101 326 38 36 211 170 1564 72 1197 32 60 100 116 113 201 63 57 29 71 44 82 102 56
2020-08-26: 339 218 82 63 37 328 460 104 339 39 37 220 175 1613 71 1241 40 65 94 118 116 204 69 55 30 73 47 81 101 56
2020-08-27: 340 226 92 65 36 338 472 100 341 38 38 220 173 1659 69 1243 37 68 93 119 119 211 66 56 30 70 45 84 103 55
2020-08-28: 346 218 91 70 39 346 467 109 342 40 42 215 174 1682 67 1268 40 72 92 124 118 206 68 60 31 73 45 82 113 56
2020-08-29: 376 233 93 73 43 369 506 109 368 40 41 242 193 1841 76 1366 38 79 105 138 131 215 78 65 31 74 55 97 134 64
2020-08-30: 332 201 85 67 40 348 466 104 324 32 38 215 178 1675 75 1265 29 68 84 126 116 213 71 52 26 65 49 91 121 60
2020-08-31: 316 198 84 67 40 345 459 100 312 32 35 204 176 1636 75 1237 28 63 81 123 112 212 69 51 22 62 47 90 118 58
2020-09-01: 288 183 80 73 38 334 440 97 284 29 30 189 163 1552 82 1187 27 57 74 113 99 207 62 45 21 61 32 66 115 57
2020-09-02: 339 207 81 80 40 353 481 117 319 40 37 232 196 1690 86 1331 35 63 81 118 116 233 74 55 28 74 34 69 107 61
2020-09-03: 324 206 74 76 39 336 461 109 302 39 36 220 183 1621 87 1256 33 65 87 119 110 230 75 55 25 72 31 63 98 53
2020-09-04: 328 207 91 88 36 361 467 113 322 35 34 231 195 1680 89 1298 34 74 93 127 119 223 71 58 30 83 30 63 108 64
2020-09-05: 313 203 95 87 39 361 478 102 304 25 27 183 178 1662 94 1283 28 77 89 119 110 235 71 51 26 72 17 55 112 62
2020-09-06: 303 198 93 84 38 349 467 102 303 26 32 204 171 1619 92 1252 27 75 90 120 104 229 68 54 21 72 17 53 108 61
2020-09-07: 294 191 91 83 38 343 457 97 295 26 30 198 163 1585 92 1222 27 72 87 119 99 228 66 50 21 72 17 53 108 61
2020-09-08: 300 186 92 85 38 343 443 102 306 29 30 207 168 1595 92 1222 28 72 87 121 101 227 68 52 21 75 17 53 109 61
2020-09-09: 264 166 85 77 35 321 418 93 266 24 24 185 147 1462 79 1133 21 61 74 108 87 228 61 47 20 60 16 48 98 55
2020-09-10: 333 192 92 87 42 362 464 122 326 32 35 247 174 1692 87 1301 33 79 84 123 104 258 71 59 27 78 18 53 114 63
2020-09-11: 310 187 90 86 40 385 493 112 307 29 28 221 174 1689 86 1293 30 78 88 116 106 258 66 53 25 79 15 50 121 57
2020-09-12: 295 169 87 83 36 349 463 108 305 31 27 212 161 1608 83 1232 30 75 80 117 100 254 63 48 28 74 17 46 108 57
2020-09-13: 281 159 83 80 34 337 438 101 281 29 25 195 150 1525 82 1165 27 70 75 109 91 246 62 46 25 68 15 44 107 55
2020-09-14: 268 156 82 79 33 333 433 91 273 27 24 183 145 1491 82 1139 25 67 75 107 89 241 61 45 23 63 14 43 106 53
2020-09-15: 264 157 85 78 34 339 443 90 269 26 24 180 148 1504 80 1149 25 65 77 106 91 244 59 44 24 61 16 43 111 50
2020-09-16: 316 193 100 92 44 388 512 115 335 31 28 229 187 1774 85 1364 31 68 102 129 120 270 77 51 28 78 19 48 141 63
2020-09-17: 306 195 104 97 44 380 505 111 321 28 30 218 190 1735 88 1349 32 73 101 129 109 262 76 48 23 72 17 47 135 67
2020-09-18: 294 182 104 100 41 385 512 105 300 28 27 205 180 1703 87 1326 25 66 96 117 104 255 72 45 22 69 17 49 133 61
2020-09-19: 308 192 104 100 38 400 536 111 341 34 30 218 185 1822 87 1386 28 65 93 123 112 270 79 52 23 72 23 51 136 62
2020-09-20: 298 185 104 100 37 390 524 108 335 33 28 214 178 1784 87 1351 27 65 90 119 112 266 78 51 23 72 22 50 134 61
2020-09-21: 254 158 103 93 33 371 492 94 266 22 20 177 158 1599 86 1249 19 59 86 103 95 243 64 43 18 63 11 31 133 57
2020-09-22: 343 209 115 100 41 389 539 123 350 38 39 298 220 1824 96 1472 36 88 94 122 126 279 88 63 34 90 33 46 141 75
2020-09-23: 308 216 119 92 43 400 578 118 318 30 27 247 189 1866 96 1446 29 84 94 123 109 255 76 59 31 89 25 43 148 70
2020-09-24: 368 243 122 106 49 427 609 141 376 38 33 285 207 2067 101 1578 39 104 109 145 137 287 85 63 32 109 26 43 160 78
2020-09-25: 376 246 122 107 50 445 606 149 387 40 36 287 213 2067 78 1589 43 106 110 152 127 257 87 67 31 112 8 15 161 77
2020-09-26: 331 245 122 113 53 479 665 125 342 17 18 203 218 2143 99 1705 39 104 119 145 118 298 91 64 33 105 27 46 170 84
2020-09-27: 367 225 126 107 51 456 651 133 368 36 30 271 202 2064 91 1633 43 94 116 143 124 287 82 64 33 110 22 28 166 79
2020-09-28: 354 218 124 106 49 449 638 131 358 34 30 257 194 2013 88 1582 41 93 113 137 121 284 78 58 32 107 22 28 165 71
2020-09-29: 349 221 123 107 49 454 635 129 358 35 30 256 192 2011 90 1584 41 92 115 136 120 282 77 58 32 107 22 28 165 72
2020-09-30: 446 323 118 122 51 497 752 158 496 23 23 183 214 2579 94 1881 63 113 149 168 156 327 84 80 42 133 23 50 198 78
2020-10-01: 502 326 128 133 54 487 758 173 527 40 32 288 223 2611 85 1897 69 119 157 186 163 313 87 88 44 148 22 49 191 78
2020-10-02: 479 322 123 133 54 484 750 163 510 36 33 249 215 2538 85 1873 63 120 154 179 158 311 84 82 44 140 24 48 177 72
2020-10-03: 428 285 120 122 47 440 674 140 458 32 32 220 205 2307 89 1715 59 116 138 152 138 276 77 79 40 134 24 45 162 67
2020-10-04: 424 285 120 121 45 431 668 138 460 32 32 215 195 2282 85 1682 61 112 138 153 136 275 75 78 40 136 24 44 158 66
2020-10-05: 415 281 121 120 43 427 662 136 450 32 31 208 192 2261 84 1662 60 108 135 147 136 271 74 76 40 134 24 45 156 67
2020-10-06: 294 218 132 108 46 423 593 111 330 30 33 221 191 1917 86 1541 42 90 107 107 108 236 73 54 27 99 25 29 142 67
2020-10-07: 314 214 126 105 46 455 633 120 346 29 35 242 202 1983 82 1586 45 89 110 116 114 241 70 56 30 103 24 27 147 60
2020-10-08: 308 221 137 111 47 457 630 117 349 30 34 236 197 2011 92 1603 44 92 115 111 113 248 65 64 27 105 23 26 145 63
2020-10-09: 224 181 135 112 39 432 592 93 268 16 26 175 183 1818 91 1468 27 78 97 94 85 222 60 52 15 76 13 23 127 56
2020-10-10: 229 186 134 106 40 421 560 96 277 17 27 181 177 1803 101 1432 26 75 101 93 90 208 57 49 14 78 14 23 126 57
2020-10-11: 207 182 127 100 39 409 546 90 261 15 25 166 170 1741 98 1374 25 72 98 88 85 191 57 48 14 73 13 23 119 50
2020-10-12: 202 182 127 103 39 418 568 88 256 12 22 163 169 1769 97 1382 24 71 100 84 85 211 56 47 14 72 13 22 116 53
2020-10-13: 203 176 130 106 40 416 569 85 256 12 22 162 163 1785 96 1385 24 70 102 93 87 209 55 44 15 74 13 20 115 51
2020-10-14: 213 182 127 103 40 424 575 85 259 16 20 162 168 1795 106 1424 26 70 104 99 88 214 56 50 13 79 13 20 118 54
2020-10-15: 201 184 122 105 41 438 583 81 257 15 19 157 164 1835 111 1438 21 70 107 99 88 207 52 51 12 77 11 18 128 55
2020-10-16: 193 177 125 110 47 445 591 80 250 16 16 148 160 1823 114 1445 19 72 108 102 86 208 52 50 12 72 11 17 134 55
2020-10-17: 184 178 127 105 46 431 568 72 238 15 16 145 147 1772 114 1384 16 68 106 97 82 198 49 46 11 63 10 16 137 54
2020-10-18: 177 176 124 105 46 427 565 72 232 15 15 138 143 1756 113 1366 16 68 106 96 81 195 49 45 11 63 10 15 136 54
2020-10-19: 175 172 123 99 44 424 562 72 226 15 15 142 141 1710 99 1348 17 65 94 96 79 182 48 42 10 63 10 16 107 52
2020-10-20: 87 138 73 46 32 427 479 25 118 1 1 22 97 1182 51 908 1 28 67 31 46 99 26 21 9 6 3 8 131 20
2020-10-21: 18 23 11 12 14 175 193 11 20 0 0 0 15 424 8 278 0 2 29 6 15 9 4 1 1 1 0 0 142 2
2020-10-22: 15 28 21 12 15 129 163 12 24 0 0 3 16 411 13 246 1 2 30 7 18 15 4 1 1 1 0 0 137 3
2020-10-23: 5 5 17 9 6 14 20 9 24 0 0 16 9 205 11 78 2 2 24 10 21 9 3 1 1 1 0 0 109 1
2020-10-24: 9 7 20 13 6 28 35 10 26 0 0 20 11 237 20 103 3 5 25 12 23 23 3 2 1 1 0 0 115 1
2020-10-25: 9 7 20 13 7 25 32 10 26 0 0 20 10 233 20 100 3 5 24 12 22 23 3 2 1 1 0 0 109 1
2020-10-26: 4 3 9 9 7 4 8 5 18 0 0 0 4 143 3 40 0 0 21 4 12 3 2 0 1 0 0 0 102 2
2020-10-27: 6 5 10 9 6 9 9 5 19 0 0 0 5 155 9 43 0 0 21 4 13 3 3 0 1 1 0 0 103 1
2020-10-28: 222 202 121 120 54 542 713 101 281 17 21 211 156 2144 145 1568 27 88 120 130 109 223 50 58 18 85 15 29 144 47
2020-10-29: 221 210 142 127 56 551 709 95 281 15 19 202 159 2207 164 1611 27 90 128 128 108 225 49 57 15 85 15 27 156 56
2020-10-30: 96 155 73 45 40 523 579 26 120 0 0 3 109 1338 39 993 1 29 84 20 44 70 24 14 10 8 6 5 153 21
2020-10-31: 96 154 73 48 40 514 570 30 123 0 2 9 113 1363 41 991 2 32 85 21 48 76 25 13 9 8 6 5 157 21
