2021-04-14: 452 215 68 85 23 738 778 123 379 28 30 279 235 2521 96 148 19 83 102 245 203 254 78 80 50 37 84 136 236 59
2021-04-15: 459 222 68 84 23 742 794 125 386 27 30 286 242 2561 97 152 18 84 102 246 205 262 79 78 55 37 110 157 233 60
2021-04-16: 453 220 67 84 24 737 782 126 379 27 30 284 237 2538 95 149 18 84 102 243 206 261 78 79 55 39 110 157 232 60
2021-04-17: 451 223 67 84 23 745 790 125 377 27 29 280 233 2554 97 158 17 82 104 246 212 273 75 78 55 36 117 173 231 59
2021-04-18: 424 214 63 80 21 717 758 114 364 27 26 263 229 2462 88 151 17 81 100 236 199 255 76 73 55 33 117 168 221 54
2021-04-19: 448 221 66 84 22 736 784 124 373 26 27 276 233 2541 92 154 17 82 102 248 208 266 77 77 57 35 120 179 229 54
2021-04-20: 450 222 66 83 22 728 780 126 377 26 27 275 232 2541 94 155 17 84 104 249 210 267 74 77 56 37 120 179 229 55
2021-04-21: 466 225 67 85 22 736 795 128 384 26 28 280 241 2571 94 159 18 83 104 252 211 284 78 82 56 38 119 179 230 56
2021-04-22: 486 229 68 85 22 743 798 131 397 32 33 294 249 2588 94 160 21 84 105 255 223 284 78 82 58 43 117 178 224 58
2021-04-23: 477 229 67 84 22 742 797 128 392 30 33 291 247 2580 95 159 19 80 105 253 218 277 78 80 59 41 116 180 225 58
2021-04-24: 480 236 68 78 20 745 807 130 393 29 35 297 248 2610 97 163 20 86 105 258 219 295 84 81 66 42 124 180 227 58
2021-04-25: 472 233 67 78 20 739 803 129 390 28 34 291 245 2592 96 160 19 84 104 257 215 291 83 80 65 38 124 178 226 54
2021-04-26: 449 220 67 73 19 689 542 110 335 28 31 279 236 2048 73 2114 17 81 98 234 194 276 70 73 64 29 122 177 227 47
2021-04-27: 463 219 67 74 20 697 545 112 341 29 31 289 238 2070 72 2143 17 84 101 237 201 281 70 72 64 30 124 177 229 48
2021-04-28: 391 194 50 58 17 611 482 96 282 23 25 245 205 1721 65 1845 14 68 74 194 171 244 64 60 54 25 106 144 187 42
2021-04-29: 481 223 71 76 19 717 560 116 357 34 33 311 253 2093 72 2221 19 83 98 238 207 288 77 73 66 39 131 183 228 50
2021-04-30: 466 218 71 75 18 710 551 117 355 32 31 310 254 2069 74 2179 15 85 94 239 195 285 78 72 71 34 129 182 227 47
2021-05-01: 470 229 74 77 17 707 557 117 351 32 31 311 255 2087 73 2198 17 84 97 243 199 283 79 72 70 33 131 184 229 46
2021-05-02: 465 225 72 78 17 711 562 116 355 31 31 307 257 2099 69 2201 15 83 94 240 193 287 80 72 69 31 129 184 227 48
2021-05-03: 458 222 71 75 17 707 557 115 351 31 31 304 254 2074 68 2171 15 81 94 238 189 281 78 71 69 31 129 184 226 48
2021-05-04: 470 223 70 75 17 710 559 114 352 34 31 308 256 2075 68 2176 17 82 94 240 192 281 76 71 69 33 129 185 227 49
2021-05-05: 458 197 66 68 16 660 509 111 335 31 28 290 243 1935 64 2047 17 76 77 229 182 279 74 71 63 32 119 179 216 43
2021-05-06: 370 179 60 53 13 615 499 91 270 25 24 243 220 1688 54 1844 13 66 77 177 158 226 65 52 65 29 103 139 183 41
2021-05-07: 491 225 71 73 18 744 568 117 353 31 31 321 259 2117 65 2245 15 82 94 244 195 302 75 74 77 30 129 184 233 53
2021-05-08: 501 226 72 73 19 746 571 122 356 33 32 334 260 2143 66 2258 15 84 93 247 194 319 76 73 75 34 129 187 232 53
